GLM RESULTS

Model fit per channel for oxy-Hb (beta, t, p values)
S1-D1:     -0.013    -2.233  0.0255889      -0.119   -20.336  0.0000000       2.213    11.221  0.0000000      -1.522    -9.970  0.0000000      -0.484   -32.378  0.0000000       0.075     4.569  0.0000050      -0.122   -11.245  0.0000000       0.035     5.172  0.0000002      -0.091   -13.851  0.0000000       0.575    33.178  0.0000000       0.531    52.772  0.0000000      -0.097    -7.468  0.0000000       0.066     6.703  0.0000000      -0.362   -36.650  0.0000000      -0.102   -13.559  0.0000000       0.459    40.458  0.0000000      -0.061   -14.638  0.0000000       0.020     6.365  0.0000000       0.096     2.731  0.0063418    
S1-D2:     -0.027   -13.464  0.0000000       0.007     3.657  0.0002579       1.958    28.549  0.0000000      -1.258   -23.699  0.0000000       0.055    10.482  0.0000000      -0.224   -39.126  0.0000000      -0.029    -7.732  0.0000000      -0.088   -36.905  0.0000000      -0.050   -21.682  0.0000000       0.088    14.532  0.0000000       0.657   187.881  0.0000000      -0.128   -28.593  0.0000000      -0.134   -39.318  0.0000000       0.093    27.204  0.0000000      -0.066   -25.176  0.0000000       0.041    10.331  0.0000000       0.009     6.338  0.0000000      -0.005    -4.085  0.0000447      -0.464   -37.861  0.0000000    
S1-D3:     -0.035   -12.220  0.0000000       0.061    20.868  0.0000000       4.501    45.441  0.0000000      -2.957   -38.569  0.0000000      -0.175   -23.234  0.0000000      -0.241   -29.187  0.0000000      -0.199   -36.707  0.0000000      -0.097   -28.127  0.0000000      -0.057   -17.377  0.0000000       0.081     9.307  0.0000000       0.443    87.650  0.0000000      -0.085   -13.060  0.0000000      -0.019    -3.797  0.0001482      -0.052   -10.506  0.0000000      -0.005    -1.322  0.1866403       0.142    24.948  0.0000000       0.003     1.309  0.1909707       0.005     2.864  0.0041941      -0.739   -41.728  0.0000000    
S1-D11:      0.000     3.603  0.0003172      -0.000    -0.979  0.3278593      -0.000    -2.620  0.0088117       0.000     3.168  0.0015430      -0.000    -4.530  0.0000060       0.000     8.334  0.0000000      -0.000    -2.968  0.0030094       0.000     4.917  0.0000009       0.000     9.497  0.0000000       0.000     6.759  0.0000000       1.0005355110882481871.000  0.0000000      -0.000    -1.105  0.2695584       0.000     5.199  0.0000002      -0.000    -2.796  0.0051869      -0.000    -5.842  0.0000000       0.000     5.303  0.0000001       0.000    10.900  0.0000000      -0.000   -12.165  0.0000000       0.000     0.385  0.7001692    
S2-D1:     -0.012    -8.331  0.0000000       0.019    13.664  0.0000000      -0.948   -19.657  0.0000000       0.471    12.617  0.0000000       0.033     8.923  0.0000000      -0.019    -4.658  0.0000033       0.111    41.924  0.0000000      -0.040   -23.614  0.0000000       0.038    23.545  0.0000000       0.075    17.795  0.0000000       0.065    26.262  0.0000000       0.211    66.896  0.0000000      -0.032   -13.371  0.0000000      -0.010    -4.122  0.0000382       0.005     2.825  0.0047517      -0.025    -9.074  0.0000000       0.011    10.426  0.0000000       0.003     3.363  0.0007766       0.450    52.166  0.0000000    
S2-D3:     -0.003    -1.197  0.2316180       0.040    13.967  0.0000000      -3.578   -36.668  0.0000000       3.157    41.801  0.0000000       0.355    48.032  0.0000000       0.092    11.279  0.0000000       0.223    41.735  0.0000000      -0.004    -1.203  0.2291483       0.148    45.511  0.0000000      -0.004    -0.435  0.6638525       0.090    18.134  0.0000000       0.006     1.002  0.3167128      -0.069   -14.326  0.0000000      -0.022    -4.554  0.0000054       0.045    12.148  0.0000000       0.020     3.627  0.0002894       0.025    11.982  0.0000000       0.002     1.182  0.2374220      -0.390   -22.368  0.0000000    
S2-D4:      0.040    18.139  0.0000000      -0.022   -10.032  0.0000000      -0.950   -12.599  0.0000000       1.308    22.399  0.0000000       0.155    27.098  0.0000000       0.053     8.350  0.0000000       0.057    13.778  0.0000000       0.040    15.205  0.0000000       0.034    13.633  0.0000000       0.065     9.864  0.0000000       0.102    26.607  0.0000000      -0.032    -6.545  0.0000000      -0.117   -31.250  0.0000000       0.003     0.912  0.3618775       0.022     7.601  0.0000000       0.039     8.894  0.0000000       0.022    13.794  0.0000000       0.002     1.372  0.1705587      -0.763   -56.546  0.0000000    
S2-D10:     -0.000    -4.931  0.0000008      -0.000    -8.432  0.0000000      -0.000    -5.057  0.0000004       0.000     4.755  0.0000020       0.000     1.178  0.2392229       0.000     5.380  0.0000001       0.000     1.381  0.1675038       0.000     2.389  0.0169328       0.000     8.690  0.0000000       0.000     1.988  0.0468342       0.000     6.802  0.0000000       1.0002692800984277706.000  0.0000000      -0.000    -4.855  0.0000012       0.000     5.644  0.0000000      -0.000    -7.023  0.0000000      -0.000    -0.127  0.8988048       0.000     7.265  0.0000000      -0.000    -0.319  0.7499049       0.000     2.398  0.0165241    
S3-D2:      0.000     0.039  0.9688422      -0.020    -5.705  0.0000000      -0.204    -1.760  0.0783782       0.474     5.287  0.0000001      -0.132   -15.026  0.0000000       0.122    12.637  0.0000000      -0.105   -16.582  0.0000000      -0.005    -1.283  0.1998643      -0.056   -14.488  0.0000000       0.285    27.945  0.0000000       0.321    54.282  0.0000000      -0.235   -30.930  0.0000000       0.160    27.812  0.0000000      -0.145   -24.918  0.0000000      -0.017    -3.781  0.0001577       0.316    47.388  0.0000000      -0.008    -3.414  0.0006459      -0.005    -2.894  0.0038176      -0.119    -5.727  0.0000000    
S3-D3:      0.008     1.536  0.1248563       0.104    18.838  0.0000000       2.461    13.131  0.0000000      -1.050    -7.241  0.0000000      -0.250   -17.603  0.0000000       0.099     6.312  0.0000000      -0.160   -15.557  0.0000000       0.022     3.339  0.0008453      -0.083   -13.239  0.0000000       0.138     8.381  0.0000000       0.181    18.961  0.0000000      -0.218   -17.751  0.0000000       0.274    29.407  0.0000000      -0.064    -6.814  0.0000000      -0.005    -0.660  0.5092010       0.242    22.485  0.0000000       0.002     0.434  0.6648740      -0.002    -0.779  0.4359738      -1.123   -33.492  0.0000000    
S3-D9:     -0.000    -9.068  0.0000000      -0.000   -13.605  0.0000000      -0.000    -6.100  0.0000000       0.000     7.193  0.0000000      -0.000   -12.218  0.0000000       0.000    12.062  0.0000000      -0.000    -3.150  0.0016398       0.000    11.494  0.0000000       0.000    14.375  0.0000000      -0.000    -5.121  0.0000003       0.000     1.533  0.1256883      -0.000    -9.498  0.0000000       1.0007519543973954911.000  0.0000000       0.000     2.260  0.0238469      -0.000    -2.216  0.0266887       0.000     1.468  0.1423939      -0.000    -1.052  0.2929838      -0.000    -0.596  0.5512046       0.000     2.854  0.0043399    
S4-D3:      0.115    24.145  0.0000000       0.232    47.794  0.0000000       4.055    24.700  0.0000000      -1.964   -15.455  0.0000000      -0.410   -32.945  0.0000000       0.228    16.658  0.0000000      -0.248   -27.599  0.0000000       0.133    23.318  0.0000000      -0.111   -20.355  0.0000000      -0.009    -0.636  0.5248849      -0.172   -20.535  0.0000000      -0.037    -3.425  0.0006185       0.215    26.332  0.0000000       0.279    33.902  0.0000000       0.005     0.745  0.4566553       0.177    18.780  0.0000000       0.009     2.639  0.0083335      -0.003    -0.956  0.3392100      -1.807   -61.527  0.0000000    
S4-D4:      0.177    24.364  0.0000000       0.259    34.886  0.0000000       2.400     9.561  0.0000000      -0.835    -4.297  0.0000177      -0.222   -11.648  0.0000000       0.133     6.331  0.0000000      -0.128    -9.271  0.0000000       0.039     4.424  0.0000099      -0.039    -4.688  0.0000028       0.174     7.866  0.0000000      -0.163   -12.745  0.0000000      -0.310   -18.857  0.0000000       0.201    16.102  0.0000000       0.191    15.188  0.0000000       0.029     3.048  0.0023105       0.414    28.664  0.0000000      -0.040    -7.522  0.0000000       0.010     2.460  0.0139350      -1.638   -36.479  0.0000000    
S4-D8:      0.000     8.381  0.0000000      -0.000    -5.334  0.0000001      -0.000    -3.155  0.0016143       0.000     3.570  0.0003602      -0.000    -5.128  0.0000003       0.000     3.830  0.0001298      -0.000    -4.039  0.0000544       0.000     2.642  0.0082694       0.000    13.534  0.0000000       0.000     1.310  0.1906154       0.000     8.102  0.0000000      -0.000    -2.524  0.0116397      -0.000    -1.748  0.0805207       1.0003873157199843486.500  0.0000000      -0.000    -8.871  0.0000000      -0.000    -4.135  0.0000361       0.000     4.425  0.0000098      -0.000   -11.146  0.0000000       0.000     5.001  0.0000006    
S5-D5:     -0.042    -9.507  0.0000000       0.085    18.879  0.0000000       3.095    20.438  0.0000000      -2.123   -18.109  0.0000000      -0.426   -37.128  0.0000000      -0.006    -0.479  0.6323792      -0.126   -15.206  0.0000000       0.022     4.227  0.0000241      -0.028    -5.615  0.0000000       0.291    21.884  0.0000000       0.123    15.983  0.0000000       0.164    16.573  0.0000000       0.148    19.693  0.0000000      -0.268   -35.289  0.0000000       0.125    21.576  0.0000000       0.455    52.304  0.0000000      -0.019    -5.814  0.0000000      -0.006    -2.461  0.0138924      -0.074    -2.746  0.0060464    
S5-D6:      0.017     4.736  0.0000022       0.024     6.486  0.0000000       0.807     6.400  0.0000000      -0.154    -1.574  0.1160094      -0.015    -1.550  0.1214957       0.027     2.566  0.0103189      -0.103   -14.965  0.0000000      -0.014    -3.204  0.0013637      -0.048   -11.304  0.0000000       0.460    41.510  0.0000000       0.011     1.678  0.0937155      -0.065    -7.867  0.0000000       0.128    20.447  0.0000000       0.085    13.434  0.0000000       0.301    62.759  0.0000000       0.254    35.013  0.0000000      -0.054   -20.326  0.0000000      -0.006    -2.982  0.0028780      -0.503   -22.311  0.0000000    
S5-D7:     -0.005    -1.960  0.0499884       0.099    37.805  0.0000000       3.064    34.707  0.0000000      -1.794   -26.252  0.0000000      -0.118   -17.633  0.0000000      -0.033    -4.453  0.0000086      -0.150   -31.100  0.0000000      -0.003    -1.101  0.2711818      -0.025    -8.560  0.0000000       0.221    28.455  0.0000000      -0.010    -2.213  0.0269371      -0.057    -9.898  0.0000000       0.070    15.916  0.0000000       0.042     9.503  0.0000000       0.252    75.026  0.0000000       0.275    54.272  0.0000000      -0.015    -8.188  0.0000000       0.008     5.597  0.0000000      -1.048   -66.366  0.0000000    
S5-D15:     -0.000   -12.201  0.0000000       0.000     1.041  0.2981666      -0.000    -5.065  0.0000004       0.000     5.760  0.0000000       0.000     2.879  0.0040085       0.000     6.614  0.0000000       0.000     2.925  0.0034604       0.000     8.864  0.0000000       0.000    19.076  0.0000000       0.000     1.007  0.3140042       0.000     4.940  0.0000008       0.000     1.668  0.0958201      -0.000    -1.557  0.1199225      -0.000    -1.685  0.0923756       1.0005435947899282751.000  0.0000000       0.000     2.489  0.0128183       0.000     2.369  0.0178555      -0.000    -8.835  0.0000000      -0.000    -2.447  0.0144295    
S6-D5:     -0.006    -1.569  0.1169794       0.118    29.291  0.0000000       0.956     7.013  0.0000000      -0.445    -4.221  0.0000248      -0.143   -13.817  0.0000000       0.130    11.447  0.0000000       0.031     4.089  0.0000439      -0.000    -0.008  1.0000000       0.047    10.299  0.0000000       0.219    18.260  0.0000000      -0.006    -0.932  0.3517724       0.296    33.126  0.0000000       0.125    18.472  0.0000000      -0.032    -4.758  0.0000020      -0.016    -3.023  0.0025121       0.295    37.694  0.0000000       0.009     3.133  0.0017364      -0.010    -4.692  0.0000028      -0.418   -17.164  0.0000000    
S6-D7:      0.055    14.456  0.0000000       0.120    30.781  0.0000000       2.855    21.616  0.0000000      -1.406   -13.754  0.0000000      -0.202   -20.148  0.0000000       0.097     8.838  0.0000000      -0.172   -23.778  0.0000000       0.107    23.396  0.0000000      -0.049   -11.073  0.0000000       0.337    29.025  0.0000000      -0.144   -21.374  0.0000000      -0.068    -7.831  0.0000000       0.217    32.996  0.0000000       0.100    15.090  0.0000000       0.070    13.980  0.0000000       0.501    65.964  0.0000000      -0.004    -1.259  0.2085026      -0.000    -0.136  0.8914798      -1.386   -58.655  0.0000000    
S6-D14:     -0.000   -18.338  0.0000000      -0.000    -2.196  0.0281602      -0.000    -5.991  0.0000000       0.000     6.348  0.0000000      -0.000    -3.651  0.0002632       0.000    11.271  0.0000000      -0.000    -1.417  0.1567735       0.000    11.063  0.0000000       0.000     8.198  0.0000000      -0.000    -3.575  0.0003529      -0.000    -2.898  0.0037679      -0.000    -2.503  0.0123535      -0.000    -1.259  0.2081959       0.000     6.250  0.0000000      -0.000    -6.460  0.0000000       1.0004500221250596764.000  0.0000000       0.000     5.158  0.0000003       0.000    10.510  0.0000000      -0.000    -0.978  0.3282448    
S7-D6:      0.004     0.576  0.5646769       0.109    17.418  0.0000000       3.010    14.218  0.0000000      -1.848   -11.274  0.0000000      -0.315   -19.611  0.0000000       0.096     5.426  0.0000001      -0.240   -20.665  0.0000000       0.032     4.406  0.0000107      -0.029    -4.173  0.0000305       0.515    27.692  0.0000000      -0.152   -14.109  0.0000000      -0.077    -5.579  0.0000000       0.379    36.000  0.0000000      -0.155   -14.599  0.0000000       0.107    13.279  0.0000000       0.205    16.859  0.0000000       0.271    60.788  0.0000000      -0.074   -21.767  0.0000000      -0.804   -21.226  0.0000000    
S7-D7:     -0.065    -8.358  0.0000000       0.106    13.280  0.0000000       2.620     9.730  0.0000000      -1.396    -6.700  0.0000000       0.049     2.387  0.0170103       0.089     3.945  0.0000807       0.000     0.022  0.9802911       0.003     0.287  0.7740875       0.118    13.169  0.0000000       0.504    21.296  0.0000000      -0.182   -13.294  0.0000000       0.001     0.079  0.9361975       0.336    25.113  0.0000000      -0.084    -6.220  0.0000000       0.093     9.049  0.0000000       0.278    17.987  0.0000000       0.260    45.918  0.0000000      -0.064   -14.627  0.0000000      -1.417   -29.422  0.0000000    
S7-D13:     -0.000    -5.673  0.0000000       0.000     1.130  0.2588125       0.000     0.637  0.5245722      -0.000    -0.514  0.6078441       0.000     3.226  0.0012617       0.000     0.949  0.3431104      -0.000    -1.813  0.0697936       0.000     7.105  0.0000000       0.000    15.093  0.0000000      -0.000    -1.920  0.0548602       0.000     4.871  0.0000011      -0.000    -0.887  0.3755228       0.000     4.340  0.0000145      -0.000    -1.659  0.0975294       0.000     1.137  0.2560407      -0.000    -2.146  0.0318879       1.0008407183640823724.000  0.0000000      -0.000    -8.014  0.0000000      -0.000    -0.028  0.9758629    
S8-D7:      0.070    12.415  0.0000000       0.055     9.544  0.0000000       3.865    19.904  0.0000000      -2.473   -16.455  0.0000000      -0.133    -9.064  0.0000000      -0.025    -1.550  0.1215662      -0.053    -4.958  0.0000007       0.005     0.718  0.4727073      -0.032    -4.902  0.0000010       0.454    26.619  0.0000000      -0.132   -13.377  0.0000000       0.010     0.748  0.4549255       0.275    28.518  0.0000000      -0.050    -5.174  0.0000002       0.005     0.666  0.5055168       0.215    19.254  0.0000000       0.075    18.287  0.0000000       0.138    43.980  0.0000000      -1.047   -30.143  0.0000000    
S8-D12:     -0.000    -6.348  0.0000000      -0.000    -0.738  0.4606490      -0.000    -5.210  0.0000002       0.000     4.565  0.0000051       0.000     6.088  0.0000000      -0.000    -0.092  0.9276768       0.000     5.444  0.0000001      -0.000    -3.323  0.0008959       0.000    21.283  0.0000000      -0.000    -2.014  0.0440538       0.000     7.340  0.0000000      -0.000    -1.513  0.1306832      -0.000    -4.666  0.0000032       0.000     4.847  0.0000013      -0.000    -3.544  0.0003969      -0.000    -3.661  0.0002539       0.000    27.024  0.0000000       1.00014551953503794358.000  0.0000000      -0.000    -1.112  0.2663481    

Model fit per channel for deoxy-Hb (beta, t, p values)
S1-D1:      0.019     5.450  0.0000001       0.089    21.126  0.0000000      -1.842   -46.823  0.0000000       1.230    39.512  0.0000000       0.075    25.626  0.0000000       0.097    29.406  0.0000000       0.058    29.694  0.0000000       0.002     1.615  0.1068401       0.031    23.024  0.0000000       0.216     5.186  0.0000002       0.226    22.919  0.0000000      -0.053   -24.296  0.0000000      -0.101    -9.681  0.0000000      -0.280   -25.861  0.0000000       0.057     3.960  0.0000759      -0.020    -2.027  0.0427339       0.112    18.865  0.0000000      -0.005    -1.933  0.0532619       0.300    44.500  0.0000000    
S1-D2:     -0.024    -9.563  0.0000000       0.060    19.868  0.0000000      -1.021   -36.262  0.0000000       0.772    34.638  0.0000000       0.022    10.573  0.0000000       0.037    15.523  0.0000000       0.019    13.504  0.0000000       0.010     9.102  0.0000000       0.027    28.955  0.0000000       0.079     2.641  0.0082878       0.191    27.088  0.0000000      -0.063   -40.793  0.0000000       0.023     3.139  0.0017072      -0.024    -3.139  0.0017041       0.045     4.351  0.0000138       0.131    18.445  0.0000000      -0.012    -2.903  0.0037097      -0.006    -2.920  0.0035179       0.187    38.725  0.0000000    
S1-D3:     -0.064   -17.913  0.0000000       0.069    16.482  0.0000000      -2.866   -73.221  0.0000000       2.112    68.200  0.0000000       0.086    29.458  0.0000000       0.165    50.378  0.0000000       0.070    35.621  0.0000000       0.038    24.699  0.0000000       0.044    33.355  0.0000000       0.244     5.881  0.0000000       0.407    41.528  0.0000000      -0.065   -30.310  0.0000000       0.012     1.194  0.2328150      -0.386   -35.896  0.0000000      -0.090    -6.335  0.0000000       0.115    11.659  0.0000000       0.093    15.786  0.0000000      -0.021    -7.380  0.0000000       0.332    49.493  0.0000000    
S1-D11:     -0.000   -26.246  0.0000000      -0.000    -1.566  0.1176620       0.000     8.738  0.0000000      -0.000    -7.631  0.0000000      -0.000    -6.503  0.0000000      -0.000    -2.057  0.0397211      -0.000    -2.395  0.0166419      -0.000    -7.678  0.0000000      -0.000   -15.454  0.0000000      -0.000    -9.049  0.0000000       1.0004584799885980093.000  0.0000000      -0.000    -9.703  0.0000000       0.000     6.683  0.0000000      -0.000    -1.416  0.1571839      -0.000    -7.873  0.0000000      -0.000    -3.669  0.0002458      -0.000    -0.525  0.5996456       0.000     4.614  0.0000040      -0.000    -1.038  0.2997376    
S2-D1:     -0.139   -36.183  0.0000000      -0.141   -31.198  0.0000000       1.282    30.317  0.0000000      -0.972   -29.041  0.0000000      -0.056   -17.887  0.0000000      -0.062   -17.593  0.0000000      -0.014    -6.718  0.0000000      -0.022   -13.334  0.0000000      -0.033   -22.872  0.0000000       0.875    19.506  0.0000000       0.296    27.903  0.0000000       0.360   154.627  0.0000000      -0.189   -16.894  0.0000000       0.165    14.165  0.0000000       0.044     2.851  0.0043712      -0.132   -12.408  0.0000000      -0.072   -11.305  0.0000000      -0.025    -8.330  0.0000000      -0.167   -23.028  0.0000000    
S2-D3:     -0.057    -9.383  0.0000000      -0.290   -40.291  0.0000000       2.707    40.105  0.0000000      -2.139   -40.061  0.0000000      -0.080   -16.055  0.0000000      -0.121   -21.362  0.0000000      -0.064   -18.909  0.0000000      -0.045   -17.058  0.0000000      -0.052   -22.777  0.0000000       0.405     5.656  0.0000000       0.705    41.676  0.0000000       0.432   116.309  0.0000000      -0.197   -11.053  0.0000000       0.060     3.250  0.0011630       0.092     3.732  0.0001921      -0.381   -22.425  0.0000000      -0.113   -11.100  0.0000000      -0.011    -2.337  0.0194637      -0.313   -27.013  0.0000000    
S2-D4:     -0.261   -39.033  0.0000000      -0.310   -39.300  0.0000000       0.320     4.331  0.0000151      -0.125    -2.133  0.0329698      -0.038    -6.993  0.0000000       0.075    12.162  0.0000000      -0.012    -3.201  0.0013778      -0.005    -1.752  0.0798768      -0.032   -12.813  0.0000000       0.854    10.909  0.0000000       0.281    15.171  0.0000000       0.394    96.892  0.0000000      -0.032    -1.624  0.1048905      -0.053    -2.619  0.0088357       0.005     0.176  0.8606441      -0.201   -10.824  0.0000000      -0.094    -8.473  0.0000000      -0.032    -6.047  0.0000000      -0.300   -23.667  0.0000000    
S2-D10:      0.000     5.917  0.0000000       0.000     3.844  0.0001226      -0.000    -1.636  0.1022930       0.000     0.399  0.6901017      -0.000    -0.172  0.8627084       0.000     1.842  0.0655410      -0.000    -0.705  0.4810772      -0.000    -1.344  0.1791958       0.000     1.711  0.0874347       0.000     1.514  0.1304780      -0.000    -1.581  0.1142935       1.0003994951920480086.000  0.0000000      -0.000    -1.735  0.0827058      -0.000    -0.493  0.6223500       0.000     3.046  0.0023314      -0.000    -1.244  0.2139786       0.000     3.782  0.0001570       0.000     2.178  0.0294072       0.000     2.086  0.0370095    
S3-D2:     -0.037   -12.958  0.0000000       0.091    26.897  0.0000000      -0.436   -13.782  0.0000000       0.253    10.092  0.0000000       0.022     9.194  0.0000000      -0.016    -6.137  0.0000000       0.022    13.633  0.0000000       0.008     6.191  0.0000000       0.025    23.364  0.0000000       0.093     2.766  0.0056863       0.362    45.650  0.0000000      -0.058   -33.235  0.0000000       0.193    23.105  0.0000000      -0.017    -1.922  0.0546561      -0.114    -9.919  0.0000000       0.085    10.693  0.0000000       0.064    13.330  0.0000000       0.014     6.209  0.0000000       0.200    36.783  0.0000000    
S3-D3:     -0.046    -5.067  0.0000004       0.197    18.507  0.0000000      -3.689   -37.042  0.0000000       2.773    35.196  0.0000000       0.193    26.132  0.0000000       0.157    18.829  0.0000000       0.130    26.145  0.0000000       0.045    11.643  0.0000000       0.088    26.312  0.0000000       0.705     6.681  0.0000000       0.171     6.852  0.0000000      -0.090   -16.438  0.0000000       0.608    23.142  0.0000000      -0.741   -27.068  0.0000000      -0.509   -14.026  0.0000000       0.289    11.540  0.0000000       0.071     4.699  0.0000027       0.060     8.374  0.0000000       0.247    14.452  0.0000000    
S3-D9:      0.000     3.439  0.0005886       0.000     9.120  0.0000000       0.000    11.033  0.0000000      -0.000    -9.058  0.0000000      -0.000    -0.954  0.3400983      -0.000   -12.890  0.0000000      -0.000    -1.305  0.1923205      -0.000    -8.321  0.0000000      -0.000    -6.269  0.0000000       0.000     3.711  0.0002083      -0.000    -1.144  0.2529732      -0.000    -8.192  0.0000000       1.0002556838926375429.000  0.0000000       0.000     3.128  0.0017691       0.000     0.003  1.0000000       0.000     1.658  0.0976780      -0.000    -6.666  0.0000000      -0.000    -2.039  0.0414705      -0.000    -2.705  0.0068586    
S4-D3:      0.035     6.173  0.0000000       0.113    17.134  0.0000000      -4.228   -68.238  0.0000000       3.338    68.104  0.0000000       0.213    46.243  0.0000000       0.196    37.842  0.0000000       0.158    51.104  0.0000000       0.019     7.991  0.0000000       0.086    41.295  0.0000000       0.913    13.897  0.0000000      -0.107    -6.871  0.0000000      -0.073   -21.457  0.0000000       0.022     1.328  0.1844229      -0.112    -6.579  0.0000000       0.164     7.281  0.0000000       0.083     5.347  0.0000001       0.134    14.316  0.0000000      -0.031    -7.069  0.0000000       0.142    13.379  0.0000000    
S4-D4:     -0.024    -2.568  0.0102389       0.347    31.146  0.0000000      -1.422   -13.628  0.0000000       1.449    17.560  0.0000000       0.047     6.112  0.0000000       0.086     9.830  0.0000000      -0.033    -6.398  0.0000000       0.061    15.079  0.0000000      -0.016    -4.678  0.0000030       0.593     5.358  0.0000001       0.273    10.450  0.0000000      -0.084   -14.560  0.0000000       0.022     0.804  0.4214715       0.229     7.967  0.0000000      -0.151    -3.969  0.0000731       0.160     6.089  0.0000000       0.193    12.265  0.0000000      -0.007    -0.962  0.3361645      -0.253   -14.148  0.0000000    
S4-D8:      0.000    12.991  0.0000000       0.000     5.552  0.0000000      -0.000   -22.240  0.0000000       0.000    21.321  0.0000000       0.000    11.747  0.0000000       0.000     7.943  0.0000000       0.000    12.474  0.0000000       0.000     5.233  0.0000002       0.000    28.537  0.0000000       0.000     5.829  0.0000000      -0.000    -6.094  0.0000000       0.000    14.202  0.0000000       0.000     8.197  0.0000000       1.0006731467041454727.000  0.0000000       0.000     0.233  0.8152105       0.000     5.064  0.0000004       0.000     5.591  0.0000000       0.000     4.365  0.0000130       0.000     5.216  0.0000002    
S5-D5:     -0.059   -13.042  0.0000000       0.077    14.447  0.0000000      -0.769   -15.357  0.0000000       0.712    17.982  0.0000000       0.035     9.338  0.0000000       0.010     2.322  0.0202824       0.016     6.510  0.0000000       0.002     1.241  0.2148399       0.016     9.371  0.0000000      -0.214    -4.043  0.0000536       0.391    31.197  0.0000000       0.040    14.409  0.0000000      -0.023    -1.760  0.0784473      -0.034    -2.438  0.0147845      -0.112    -6.158  0.0000000       0.094     7.473  0.0000000       0.083    11.014  0.0000000       0.022     6.012  0.0000000      -0.020    -2.287  0.0222398    
S5-D6:     -0.018    -8.502  0.0000000       0.019     7.775  0.0000000      -1.907   -83.359  0.0000000       1.459    80.627  0.0000000      -0.023   -13.368  0.0000000       0.130    67.849  0.0000000       0.013    11.164  0.0000000       0.032    35.681  0.0000000       0.009    11.177  0.0000000      -0.053    -2.172  0.0298708       0.416    72.556  0.0000000      -0.043   -33.861  0.0000000      -0.074   -12.212  0.0000000      -0.100   -15.829  0.0000000       0.086    10.309  0.0000000       0.085    14.838  0.0000000       0.005     1.342  0.1799319       0.003     2.117  0.0342791       0.325    82.673  0.0000000    
S5-D7:     -0.050   -18.590  0.0000000       0.045    14.337  0.0000000      -1.323   -45.027  0.0000000       0.994    42.766  0.0000000      -0.009    -4.337  0.0000147       0.088    35.695  0.0000000       0.024    16.164  0.0000000       0.027    23.271  0.0000000       0.005     5.245  0.0000002       0.201     6.443  0.0000000       0.566    76.887  0.0000000      -0.039   -24.127  0.0000000       0.045     5.807  0.0000000      -0.266   -32.876  0.0000000      -0.166   -15.549  0.0000000       0.005     0.645  0.5194613       0.071    15.983  0.0000000       0.011     5.099  0.0000004       0.220    43.641  0.0000000    
S5-D15:     -0.000   -17.411  0.0000000       0.000     1.747  0.0806107       0.000    19.092  0.0000000      -0.000   -18.574  0.0000000       0.000     0.503  0.6152171      -0.000   -12.227  0.0000000       0.000     4.018  0.0000596      -0.000   -19.400  0.0000000      -0.000    -5.650  0.0000000      -0.000    -1.021  0.3075411       0.000     1.314  0.1892400      -0.000    -8.038  0.0000000      -0.000    -7.146  0.0000000       0.000     0.723  0.4700996       1.0002485619502228139.500  0.0000000      -0.000    -1.878  0.0604454      -0.000    -5.383  0.0000001      -0.000    -7.743  0.0000000      -0.000   -11.185  0.0000000    
S6-D5:     -0.039   -19.691  0.0000000      -0.002    -0.873  0.3829497      -0.511   -23.244  0.0000000       0.384    22.108  0.0000000       0.030    18.681  0.0000000       0.009     4.650  0.0000034       0.029    26.666  0.0000000      -0.004    -4.260  0.0000208       0.021    27.822  0.0000000       0.276    11.862  0.0000000       0.244    44.420  0.0000000      -0.008    -6.837  0.0000000      -0.006    -0.983  0.3257877      -0.148   -24.458  0.0000000       0.051     6.388  0.0000000       0.008     1.535  0.1251250       0.024     7.332  0.0000000      -0.004    -2.627  0.0086489       0.067    17.885  0.0000000    
S6-D7:     -0.033    -8.862  0.0000000       0.005     1.187  0.2355355      -1.620   -39.488  0.0000000       1.223    37.678  0.0000000       0.018     5.794  0.0000000       0.111    32.193  0.0000000       0.056    27.587  0.0000000       0.031    19.213  0.0000000       0.047    33.985  0.0000000       0.322     7.410  0.0000000       0.261    25.353  0.0000000      -0.024   -10.571  0.0000000       0.074     6.796  0.0000000      -0.431   -38.165  0.0000000      -0.121    -8.070  0.0000000       0.102     9.848  0.0000000       0.024     3.807  0.0001423      -0.005    -1.695  0.0904904       0.150    21.357  0.0000000    
S6-D14:     -0.000   -17.028  0.0000000       0.000     4.593  0.0000045      -0.000    -6.405  0.0000000       0.000     6.859  0.0000000       0.000     6.061  0.0000000      -0.000    -4.543  0.0000057       0.000     8.827  0.0000000       0.000     7.933  0.0000000       0.000    13.875  0.0000000      -0.000    -3.000  0.0027101       0.000     0.369  0.7121987      -0.000    -3.665  0.0002495       0.000     3.451  0.0005624      -0.000    -1.480  0.1394078      -0.000    -2.826  0.0047262       1.0006526777766983371.000  0.0000000       0.000     2.367  0.0179835      -0.000   -12.238  0.0000000       0.000     1.652  0.0989888    
S7-D6:     -0.015    -3.417  0.0006371       0.091    18.147  0.0000000      -1.715   -36.315  0.0000000       1.348    36.068  0.0000000       0.091    25.971  0.0000000       0.118    29.870  0.0000000       0.064    27.217  0.0000000       0.034    18.324  0.0000000       0.021    13.411  0.0000000       1.231    24.575  0.0000000       0.352    29.719  0.0000000      -0.043   -16.409  0.0000000      -0.140   -11.262  0.0000000      -0.219   -16.840  0.0000000      -0.002    -0.113  0.9098659       0.130    10.957  0.0000000       0.219    30.731  0.0000000      -0.059   -17.447  0.0000000       0.018     2.218  0.0265657    
S7-D7:     -0.055    -6.350  0.0000000       0.082     8.056  0.0000000      -0.871    -9.181  0.0000000       0.632     8.423  0.0000000       0.097    13.755  0.0000000       0.060     7.601  0.0000000       0.062    13.050  0.0000000       0.019     5.173  0.0000002      -0.000    -0.133  0.8941659       3.089    30.723  0.0000000       0.510    21.461  0.0000000      -0.018    -3.433  0.0006018      -0.209    -8.350  0.0000000      -0.278   -10.652  0.0000000      -0.005    -0.135  0.8932628       0.165     6.916  0.0000000       0.384    26.831  0.0000000      -0.134   -19.776  0.0000000      -0.070    -4.288  0.0000183    
S7-D13:     -0.000   -14.763  0.0000000      -0.000    -0.498  0.6186529       0.000    10.445  0.0000000      -0.000   -10.343  0.0000000       0.000     8.123  0.0000000      -0.000   -14.435  0.0000000       0.000     6.053  0.0000000      -0.000   -10.618  0.0000000      -0.000    -7.898  0.0000000      -0.000    -3.157  0.0016005       0.000     2.237  0.0252998       0.000    11.106  0.0000000       0.000     2.608  0.0091353       0.000     2.967  0.0030200      -0.000    -1.808  0.0706975      -0.000    -3.188  0.0014390       1.0005124679449895619.000  0.0000000       0.000     0.057  0.9537997      -0.000    -1.623  0.1049709    
S8-D7:     -0.020    -3.759  0.0001725       0.070    10.958  0.0000000      -1.769   -29.508  0.0000000       1.354    28.555  0.0000000      -0.031    -7.076  0.0000000       0.099    19.690  0.0000000       0.018     5.941  0.0000000       0.044    18.757  0.0000000       0.009     4.272  0.0000198       0.296     4.661  0.0000032       0.333    22.171  0.0000000      -0.056   -17.092  0.0000000      -0.036    -2.302  0.0213577      -0.160    -9.699  0.0000000      -0.204    -9.317  0.0000000       0.033     2.163  0.0306067       0.063     7.003  0.0000000       0.352    82.013  0.0000000       0.355    34.488  0.0000000    
S8-D12:     -0.000   -12.254  0.0000000      -0.000    -2.523  0.0116479       0.000     4.777  0.0000018      -0.000    -3.603  0.0003177       0.000     0.464  0.6423143      -0.000    -1.237  0.2165286       0.000     3.853  0.0001179      -0.000    -1.694  0.0906100      -0.000   -11.915  0.0000000      -0.000    -1.560  0.1190861       0.000     8.299  0.0000000       0.000     5.810  0.0000000       0.000     3.800  0.0001461      -0.000    -2.291  0.0219993      -0.000    -4.998  0.0000006       0.000     3.305  0.0009542      -0.000    -2.729  0.0063634       1.0006780760824679562.000  0.0000000      -0.000    -6.544  0.0000000    

Model fit per channel for total-Hb (beta, t, p values)
S1-D1:      0.069     8.485  0.0000000      -0.073    -8.345  0.0000000       3.018    14.955  0.0000000      -1.739   -11.131  0.0000000      -0.339   -21.912  0.0000000       0.101     6.012  0.0000000       0.079     7.313  0.0000000       0.036     5.353  0.0000001      -0.098   -15.113  0.0000000       0.524    32.215  0.0000000       0.420    41.947  0.0000000       0.404    39.133  0.0000000       0.046     4.584  0.0000047      -0.160   -15.293  0.0000000      -0.137   -19.925  0.0000000       0.061     4.362  0.0000131      -0.039    -8.438  0.0000000       0.024     6.884  0.0000000      -1.089   -24.785  0.0000000    
S1-D2:     -0.010    -3.806  0.0001427       0.012     4.265  0.0000203       1.920    28.565  0.0000000      -1.121   -21.553  0.0000000       0.052    10.064  0.0000000      -0.196   -35.111  0.0000000       0.010     2.669  0.0076355      -0.077   -33.925  0.0000000      -0.046   -21.310  0.0000000       0.126    23.319  0.0000000       0.605   181.535  0.0000000      -0.012    -3.540  0.0004037      -0.108   -32.551  0.0000000       0.109    31.332  0.0000000      -0.095   -41.411  0.0000000       0.024     5.029  0.0000005       0.014     8.999  0.0000000      -0.004    -3.641  0.0002738      -0.638   -43.570  0.0000000    
S1-D3:     -0.015    -3.891  0.0001010       0.090    21.728  0.0000000       2.488    26.030  0.0000000      -1.406   -19.001  0.0000000      -0.074   -10.139  0.0000000      -0.149   -18.822  0.0000000      -0.108   -21.050  0.0000000      -0.085   -26.374  0.0000000      -0.016    -5.101  0.0000003       0.163    21.172  0.0000000       0.458    96.707  0.0000000      -0.009    -1.766  0.0774008      -0.041    -8.621  0.0000000      -0.074   -14.973  0.0000000      -0.012    -3.549  0.0003907       0.122    18.298  0.0000000       0.002     1.019  0.3086776       0.007     4.527  0.0000061      -0.597   -28.684  0.0000000    
S1-D11:     -0.000   -14.988  0.0000000       0.000     3.717  0.0002040       0.000     5.969  0.0000000      -0.000    -8.918  0.0000000       0.000    13.392  0.0000000      -0.000   -22.164  0.0000000       0.000    11.235  0.0000000      -0.000   -23.376  0.0000000       0.000     9.459  0.0000000       0.000     8.902  0.0000000       1.0009294342616161548.000  0.0000000       0.000     4.764  0.0000020      -0.000   -18.328  0.0000000      -0.000    -8.332  0.0000000       0.000    11.117  0.0000000       0.000     1.699  0.0897581       0.000     2.995  0.0027589       0.000     7.314  0.0000000       0.000     3.309  0.0009437    
S2-D1:      0.037    13.361  0.0000000       0.068    22.660  0.0000000      -0.306    -4.400  0.0000111      -0.128    -2.388  0.0169872      -0.065   -12.149  0.0000000      -0.026    -4.488  0.0000073       0.100    26.697  0.0000000      -0.043   -18.241  0.0000000       0.007     3.108  0.0018955       0.183    32.656  0.0000000       0.116    33.835  0.0000000       0.240    67.581  0.0000000      -0.001    -0.250  0.8025042      -0.060   -16.604  0.0000000      -0.004    -1.860  0.0628835       0.001     0.207  0.8368315       0.002     1.365  0.1726196       0.006     4.921  0.0000009       0.559    36.935  0.0000000    
S2-D3:     -0.004    -0.926  0.3545827       0.136    29.862  0.0000000      -2.193   -20.925  0.0000000       2.103    25.929  0.0000000       0.134    16.713  0.0000000       0.138    15.901  0.0000000       0.137    24.315  0.0000000       0.008     2.174  0.0297121       0.101    29.966  0.0000000       0.199    23.543  0.0000000       0.197    37.951  0.0000000       0.040     7.441  0.0000000       0.031     5.935  0.0000000      -0.118   -21.824  0.0000000      -0.023    -6.332  0.0000000       0.165    22.518  0.0000000       0.021     8.909  0.0000000       0.001     0.619  0.5360406      -0.378   -16.562  0.0000000    
S2-D4:      0.163    35.066  0.0000000       0.078    15.545  0.0000000      -0.921    -7.945  0.0000000       1.512    16.846  0.0000000      -0.013    -1.423  0.1552394       0.232    24.117  0.0000000       0.052     8.334  0.0000000       0.074    18.991  0.0000000      -0.012    -3.272  0.0010735       0.241    25.823  0.0000000       0.169    29.400  0.0000000       0.078    13.097  0.0000000      -0.058   -10.181  0.0000000      -0.045    -7.453  0.0000000      -0.038    -9.595  0.0000000       0.158    19.531  0.0000000       0.016     6.169  0.0000000       0.002     0.875  0.3817135      -1.000   -39.601  0.0000000    
S2-D10:      0.000     9.026  0.0000000       0.000     3.639  0.0002761       0.000     6.423  0.0000000      -0.000    -5.986  0.0000000      -0.000    -1.480  0.1393248      -0.000    -8.114  0.0000000      -0.000    -0.747  0.4552953      -0.000    -3.141  0.0016941      -0.000    -1.036  0.3002863      -0.000    -7.858  0.0000000      -0.000    -7.894  0.0000000       1.0002593809279943408.500  0.0000000      -0.000    -2.786  0.0053471       0.000     8.041  0.0000000       0.000     3.743  0.0001835      -0.000    -4.657  0.0000033      -0.000    -0.174  0.8620167       0.000    14.837  0.0000000      -0.000    -5.850  0.0000000    
S3-D2:      0.068    16.233  0.0000000       0.006     1.419  0.1564279       1.335    12.672  0.0000000      -0.418    -5.119  0.0000003      -0.066    -8.207  0.0000000       0.071     8.163  0.0000000       0.026     4.553  0.0000054       0.009     2.585  0.0097628      -0.054   -15.911  0.0000000       0.300    35.352  0.0000000       0.248    47.400  0.0000000       0.149    27.646  0.0000000       0.185    35.636  0.0000000      -0.025    -4.542  0.0000057      -0.061   -16.937  0.0000000       0.100    13.585  0.0000000       0.011     4.428  0.0000097      -0.009    -5.124  0.0000003      -0.997   -43.455  0.0000000    
S3-D3:      0.060     9.422  0.0000000       0.113    16.425  0.0000000       1.025     6.456  0.0000000       0.242     1.970  0.0488824       0.001     0.123  0.9016955       0.116     8.802  0.0000000       0.053     6.159  0.0000000       0.013     2.403  0.0162818      -0.012    -2.406  0.0161510       0.253    19.807  0.0000000       0.195    24.724  0.0000000       0.018     2.260  0.0238830       0.249    31.847  0.0000000      -0.028    -3.365  0.0007695      -0.061   -11.350  0.0000000       0.132    11.935  0.0000000       0.029     8.015  0.0000000      -0.011    -4.098  0.0000424      -1.538   -44.494  0.0000000    
S3-D9:     -0.000    -3.604  0.0003166       0.000     8.740  0.0000000       0.000     6.686  0.0000000      -0.000    -6.409  0.0000000       0.000     8.003  0.0000000      -0.000    -2.550  0.0107964       0.000     2.382  0.0172335      -0.000   -17.959  0.0000000       0.000     7.013  0.0000000      -0.000    -0.814  0.4160444       0.000     0.734  0.4632998       0.000     7.224  0.0000000       1.0008905699922990790.000  0.0000000      -0.000    -2.787  0.0053408      -0.000    -1.883  0.0597799      -0.000    -4.673  0.0000030       0.000    18.688  0.0000000      -0.000    -2.231  0.0257360      -0.000    -6.932  0.0000000    
S4-D3:      0.141    23.146  0.0000000       0.319    48.104  0.0000000       0.463     3.036  0.0024066       0.991     8.398  0.0000000      -0.135   -11.558  0.0000000       0.323    25.500  0.0000000      -0.067    -8.119  0.0000000       0.109    21.151  0.0000000      -0.012    -2.373  0.0176506       0.104     8.445  0.0000000      -0.124   -16.418  0.0000000      -0.003    -0.360  0.7187609       0.158    21.056  0.0000000       0.233    29.540  0.0000000       0.022     4.224  0.0000244       0.129    12.124  0.0000000       0.019     5.492  0.0000000      -0.004    -1.373  0.1701782      -1.802   -54.252  0.0000000    
S4-D4:      0.310    37.671  0.0000000       0.310    34.726  0.0000000       3.145    15.311  0.0000000      -0.719    -4.525  0.0000062      -0.100    -6.352  0.0000000       0.125     7.314  0.0000000      -0.033    -3.020  0.0025381       0.088    12.711  0.0000000      -0.064    -9.761  0.0000000       0.355    21.451  0.0000000      -0.176   -17.294  0.0000000       0.122    11.574  0.0000000       0.212    20.972  0.0000000       0.233    21.942  0.0000000      -0.017    -2.492  0.0127322       0.219    15.254  0.0000000      -0.033    -7.046  0.0000000       0.008     2.194  0.0283077      -2.917   -65.210  0.0000000    
S4-D8:     -0.000    -4.803  0.0000016       0.000     0.763  0.4459496       0.000     0.843  0.3992530      -0.000    -1.484  0.1382547       0.000     3.071  0.0021468      -0.000    -4.417  0.0000102       0.000     3.360  0.0007859      -0.000    -6.408  0.0000000       0.000     2.823  0.0047807       0.000     0.257  0.7973872      -0.000    -3.400  0.0006779      -0.000    -1.235  0.2170797      -0.000    -2.979  0.0029081       1.0001955666786764064.250  0.0000000       0.000     6.387  0.0000000      -0.000    -0.540  0.5891321      -0.000    -1.589  0.1125188       0.000     6.226  0.0000000       0.000     0.279  0.7798674    
S5-D5:      0.009     1.462  0.1441286       0.146    22.008  0.0000000       3.303    21.623  0.0000000      -2.154   -18.219  0.0000000      -0.303   -25.869  0.0000000      -0.075    -5.907  0.0000000      -0.042    -5.088  0.0000004       0.018     3.472  0.0005198      -0.010    -2.106  0.0352763       0.292    23.740  0.0000000       0.097    12.789  0.0000000       0.368    47.132  0.0000000       0.120    15.977  0.0000000      -0.227   -28.676  0.0000000       0.174    33.461  0.0000000       0.204    19.178  0.0000000      -0.020    -5.607  0.0000000      -0.005    -1.763  0.0778972      -0.487   -14.643  0.0000000    
S5-D6:      0.047     9.451  0.0000000       0.060    10.956  0.0000000      -0.652    -5.214  0.0000002       1.085    11.219  0.0000000      -0.008    -0.860  0.3899996       0.123    11.902  0.0000000      -0.056    -8.358  0.0000000       0.003     0.823  0.4106152      -0.027    -6.661  0.0000000       0.491    48.819  0.0000000       0.006     1.009  0.3134229       0.043     6.788  0.0000000       0.150    24.353  0.0000000       0.088    13.555  0.0000000       0.298    70.005  0.0000000       0.196    22.455  0.0000000      -0.061   -21.458  0.0000000      -0.006    -2.892  0.0038431      -0.388   -14.241  0.0000000    
S5-D7:      0.021     5.937  0.0000000       0.138    35.318  0.0000000       2.031    22.668  0.0000000      -0.927   -13.372  0.0000000      -0.116   -16.935  0.0000000       0.007     0.940  0.3475713      -0.116   -24.029  0.0000000       0.008     2.793  0.0052352      -0.003    -1.188  0.2351300       0.309    42.883  0.0000000       0.023     5.183  0.0000002      -0.015    -3.257  0.0011309       0.067    15.195  0.0000000       0.018     3.871  0.0001099       0.262    86.095  0.0000000       0.253    40.473  0.0000000      -0.024   -11.715  0.0000000       0.010     6.286  0.0000000      -0.862   -44.171  0.0000000    
S5-D15:     -0.000   -21.015  0.0000000      -0.000    -7.880  0.0000000       0.000     5.401  0.0000001      -0.000    -3.505  0.0004611      -0.000    -6.433  0.0000000      -0.000    -0.698  0.4854218      -0.000    -8.298  0.0000000      -0.000   -14.318  0.0000000      -0.000    -3.324  0.0008927      -0.000    -9.941  0.0000000      -0.000    -1.157  0.2475109       0.000     6.551  0.0000000       0.000     6.224  0.0000000       0.000     9.657  0.0000000       1.00011718531419443232.000  0.0000000      -0.000   -12.936  0.0000000       0.000     9.524  0.0000000       0.000     6.925  0.0000000      -0.000    -7.956  0.0000000    
S6-D5:     -0.008    -1.279  0.2014145       0.191    28.824  0.0000000       0.168     1.106  0.2690800       0.168     1.426  0.1542462      -0.051    -4.377  0.0000122       0.079     6.249  0.0000000       0.022     2.643  0.0082498      -0.022    -4.300  0.0000174       0.103    21.115  0.0000000       0.168    13.697  0.0000000      -0.019    -2.572  0.0101301       0.148    19.033  0.0000000       0.080    10.716  0.0000000      -0.051    -6.415  0.0000000       0.077    14.939  0.0000000       0.242    22.783  0.0000000      -0.002    -0.677  0.4985695      -0.002    -0.956  0.3392100      -0.237    -7.149  0.0000000    
S6-D7:      0.110    17.776  0.0000000       0.210    31.321  0.0000000       1.972    12.760  0.0000000      -0.523    -4.371  0.0000126      -0.146   -12.338  0.0000000       0.136    10.626  0.0000000      -0.070    -8.353  0.0000000       0.105    20.212  0.0000000       0.011     2.301  0.0214373       0.441    35.446  0.0000000      -0.105   -13.697  0.0000000       0.061     7.730  0.0000000       0.203    26.691  0.0000000       0.086    10.799  0.0000000       0.070    13.412  0.0000000       0.395    36.648  0.0000000       0.006     1.817  0.0693266      -0.003    -1.089  0.2766823      -1.484   -44.108  0.0000000    
S6-D14:      0.000    22.501  0.0000000      -0.000    -1.028  0.3040951      -0.000    -1.331  0.1836275       0.000     0.362  0.7171821       0.000     4.018  0.0000595      -0.000    -2.380  0.0173523      -0.000   -11.078  0.0000000      -0.000    -7.014  0.0000000      -0.000   -10.365  0.0000000      -0.000    -2.863  0.0042092       0.000     8.033  0.0000000       0.000     4.037  0.0000550      -0.000    -1.008  0.3138587       0.000     1.111  0.2668797       0.000     2.684  0.0072912       1.0004827099962358219.000  0.0000000       0.000     1.590  0.1123016       0.000     8.431  0.0000000       0.000     4.608  0.0000042    
S7-D6:      0.027     3.154  0.0016187       0.154    16.670  0.0000000       1.498     7.035  0.0000000      -0.693    -4.206  0.0000265      -0.182   -11.157  0.0000000       0.193    10.919  0.0000000      -0.124   -10.832  0.0000000       0.047     6.600  0.0000000       0.010     1.504  0.1330145       0.594    34.644  0.0000000      -0.158   -14.941  0.0000000       0.073     6.730  0.0000000       0.445    42.447  0.0000000      -0.193   -17.520  0.0000000       0.114    15.686  0.0000000       0.115     7.709  0.0000000       0.247    50.907  0.0000000      -0.069   -19.080  0.0000000      -0.807   -17.401  0.0000000    
S7-D7:     -0.080    -7.658  0.0000000       0.137    12.079  0.0000000       1.154     4.414  0.0000103      -0.373    -1.844  0.0651576       0.121     6.027  0.0000000       0.142     6.547  0.0000000       0.040     2.819  0.0048327       0.009     0.987  0.3241883       0.149    17.696  0.0000000       0.658    31.256  0.0000000      -0.147   -11.330  0.0000000      -0.017    -1.295  0.1957851       0.395    30.709  0.0000000      -0.194   -14.373  0.0000000       0.122    13.760  0.0000000       0.293    16.080  0.0000000       0.224    37.517  0.0000000      -0.051   -11.403  0.0000000      -1.092   -19.181  0.0000000    
S7-D13:      0.000     9.567  0.0000000      -0.000    -8.068  0.0000000       0.000     3.649  0.0002656      -0.000    -3.440  0.0005855      -0.000    -0.303  0.7618424       0.000     4.351  0.0000138      -0.000    -4.233  0.0000234      -0.000    -4.332  0.0000150      -0.000    -9.180  0.0000000      -0.000    -6.461  0.0000000       0.000     1.299  0.1944473      -0.000    -2.263  0.0236688      -0.000    -0.383  0.7016412       0.000     3.995  0.0000655      -0.000    -1.600  0.1100720      -0.000   -10.176  0.0000000       1.0008587585289491101.000  0.0000000       0.000     9.942  0.0000000       0.000     0.821  0.4122009    
S8-D7:      0.115    15.736  0.0000000       0.092    11.627  0.0000000       3.213    17.642  0.0000000      -1.890   -13.409  0.0000000      -0.013    -0.928  0.3536428      -0.028    -1.835  0.0665404       0.038     3.852  0.0001184       0.010     1.558  0.1197358       0.001     0.237  0.8126947       0.468    31.943  0.0000000      -0.143   -15.868  0.0000000       0.150    16.095  0.0000000       0.257    28.654  0.0000000      -0.034    -3.633  0.0002830       0.041     6.590  0.0000000       0.068     5.338  0.0000001       0.082    19.661  0.0000000       0.126    40.902  0.0000000      -1.155   -29.130  0.0000000    
S8-D12:     -0.000    -2.344  0.0191105      -0.000    -1.844  0.0652686       0.000     2.219  0.0265134      -0.000    -2.884  0.0039436       0.000     1.308  0.1913666      -0.000    -5.987  0.0000000       0.000     1.180  0.2383978       0.000     0.209  0.8339647      -0.000    -9.266  0.0000000       0.000     6.871  0.0000000      -0.000    -4.587  0.0000046      -0.000    -1.404  0.1607676       0.000     1.388  0.1656139      -0.000    -2.427  0.0152433       0.000     1.048  0.2951908      -0.000    -2.731  0.0063376      -0.000   -12.042  0.0000000       1.00015605155293049704.000  0.0000000       0.000     4.758  0.0000020    

GLM CONTRAST RESULTS

Contrast results per channel for oxy-Hb (t, p values)
S1-D1:   
S1-D2:   
S1-D3:   
S1-D11:   
S2-D1:   
S2-D3:   
S2-D4:   
S2-D10:   
S3-D2:   
S3-D3:   
S3-D9:   
S4-D3:   
S4-D4:   
S4-D8:   
S5-D5:   
S5-D6:   
S5-D7:   
S5-D15:   
S6-D5:   
S6-D7:   
S6-D14:   
S7-D6:   
S7-D7:   
S7-D13:   
S8-D7:   
S8-D12:   

Contrast results per channel for deoxy-Hb (t, p values)
S1-D1:   
S1-D2:   
S1-D3:   
S1-D11:   
S2-D1:   
S2-D3:   
S2-D4:   
S2-D10:   
S3-D2:   
S3-D3:   
S3-D9:   
S4-D3:   
S4-D4:   
S4-D8:   
S5-D5:   
S5-D6:   
S5-D7:   
S5-D15:   
S6-D5:   
S6-D7:   
S6-D14:   
S7-D6:   
S7-D7:   
S7-D13:   
S8-D7:   
S8-D12:   

Contrast results per channel for Total Hb (t, p values)
S1-D1:   
S1-D2:   
S1-D3:   
S1-D11:   
S2-D1:   
S2-D3:   
S2-D4:   
S2-D10:   
S3-D2:   
S3-D3:   
S3-D9:   
S4-D3:   
S4-D4:   
S4-D8:   
S5-D5:   
S5-D6:   
S5-D7:   
S5-D15:   
S6-D5:   
S6-D7:   
S6-D14:   
S7-D6:   
S7-D7:   
S7-D13:   
S8-D7:   
S8-D12:   
